# Pedestrian related event data (events separated by blank lines)
# Number of pedestrian related events: 2
# milliseconds, datetime, fix_mode, lat, long, alt, speed, heading, accuracy_horiz, accuracy_vert, accuracy_speed, accuracy_heading, acc, yaw_rate, yaw_rate_dot, range, range_rate, event_marker

22310, -1, -1, -1, -1, -1, -1, -1, -1, -1, -1, -1, -1, -1, -1, 45.375, -5.5625, False
22410, -1, -1, -1, -1, -1, -1, -1, -1, -1, -1, -1, -1, -1, -1, 44.625, -5.0625, False
22510, -1, -1, -1, -1, -1, -1, -1, -1, -1, -1, -1, -1, -1, -1, 44.3125, -4.0, False
22610, -1, -1, -1, -1, -1, -1, -1, -1, -1, -1, -1, -1, -1, -1, 43.9375, -4.875, False
22710, -1, -1, -1, -1, -1, -1, -1, -1, -1, -1, -1, -1, -1, -1, 43.3125, -4.5625, False
22810, -1, -1, -1, -1, -1, -1, -1, -1, -1, -1, -1, -1, -1, -1, 43.0625, -4.375, False
22910, -1, -1, -1, -1, -1, -1, -1, -1, -1, -1, -1, -1, -1, -1, 42.5625, -4.125, False
23010, -1, -1, -1, -1, -1, -1, -1, -1, -1, -1, -1, -1, -1, -1, 42.3125, -4.0625, False
23110, -1, -1, -1, -1, -1, -1, -1, -1, -1, -1, -1, -1, -1, -1, 41.9375, -4.1875, False
23210, -1, -1, -1, -1, -1, -1, -1, -1, -1, -1, -1, -1, -1, -1, 41.4375, -4.375, False
23310, -1, -1, -1, -1, -1, -1, -1, -1, -1, -1, -1, -1, -1, -1, 40.9375, -4.75, False
23410, -1, -1, -1, -1, -1, -1, -1, -1, -1, -1, -1, -1, -1, -1, 40.1875, -4.875, False
23510, -1, -1, -1, -1, -1, -1, -1, -1, -1, -1, -1, -1, -1, -1, 39.0, -5.375, False
23610, -1, -1, -1, -1, -1, -1, -1, -1, -1, -1, -1, -1, -1, -1, 38.5, -5.5625, False
23710, -1, -1, -1, -1, -1, -1, -1, -1, -1, -1, -1, -1, -1, -1, 38.0, -5.6875, False
23810, -1, -1, -1, -1, -1, -1, -1, -1, -1, -1, -1, -1, -1, -1, 37.625, -5.8125, False
23910, -1, -1, -1, -1, -1, -1, -1, -1, -1, -1, -1, -1, -1, -1, 37.25, -4.875, False
24010, -1, -1, -1, -1, -1, -1, -1, -1, -1, -1, -1, -1, -1, -1, 36.4375, -5.6875, False
24110, -1, -1, -1, -1, -1, -1, -1, -1, -1, -1, -1, -1, -1, -1, 36.25, -5.5, False
24210, -1, -1, -1, -1, -1, -1, -1, -1, -1, -1, -1, -1, -1, -1, 36.125, -5.25, False
24310, -1, -1, -1, -1, -1, -1, -1, -1, -1, -1, -1, -1, -1, -1, 35.9375, -5.0, False
24410, -1, -1, -1, -1, -1, -1, -1, -1, -1, -1, -1, -1, -1, -1, 35.8125, -4.8125, False
24510, -1, -1, -1, -1, -1, -1, -1, -1, -1, -1, -1, -1, -1, -1, 35.5625, -4.5625, False
24610, -1, -1, -1, -1, -1, -1, -1, -1, -1, -1, -1, -1, -1, -1, 34.75, -4.125, False
24710, -1, -1, -1, -1, -1, -1, -1, -1, -1, -1, -1, -1, -1, -1, 34.5625, -4.0, False
24810, -1, -1, -1, -1, -1, -1, -1, -1, -1, -1, -1, -1, -1, -1, 34.375, -3.75, False
24910, -1, -1, -1, -1, -1, -1, -1, -1, -1, -1, -1, -1, -1, -1, 34.3125, -3.25, False
25010, -1, -1, -1, -1, -1, -1, -1, -1, -1, -1, -1, -1, -1, -1, 34.25, -2.9375, False
25110, -1, -1, -1, -1, -1, -1, -1, -1, -1, -1, -1, -1, -1, -1, 33.875, -2.5, False
25210, -1, -1, -1, -1, -1, -1, -1, -1, -1, -1, -1, -1, -1, -1, 33.8125, -1.375, False
25310, -1, -1, -1, -1, -1, -1, -1, -1, -1, -1, -1, -1, -1, -1, 33.6875, -2.1875, False
25410, -1, -1, -1, -1, -1, -1, -1, -1, -1, -1, -1, -1, -1, -1, 33.5625, -2.0625, False
25510, -1, -1, -1, -1, -1, -1, -1, -1, -1, -1, -1, -1, -1, -1, 33.4375, -2.0, False
25610, -1, -1, -1, -1, -1, -1, -1, -1, -1, -1, -1, -1, -1, -1, 33.3125, -1.875, False
25710, -1, -1, -1, -1, -1, -1, -1, -1, -1, -1, -1, -1, -1, -1, 33.0625, -1.875, False
25810, -1, -1, -1, -1, -1, -1, -1, -1, -1, -1, -1, -1, -1, -1, 32.8125, -2.0, False
25910, -1, -1, -1, -1, -1, -1, -1, -1, -1, -1, -1, -1, -1, -1, 32.625, -2.125, False
26010, -1, -1, -1, -1, -1, -1, -1, -1, -1, -1, -1, -1, -1, -1, 32.4375, -2.25, False
26110, -1, -1, -1, -1, -1, -1, -1, -1, -1, -1, -1, -1, -1, -1, 32.25, -2.1875, False
26210, -1, -1, -1, -1, -1, -1, -1, -1, -1, -1, -1, -1, -1, -1, 32.0, -1.75, False
26310, -1, -1, -1, -1, -1, -1, -1, -1, -1, -1, -1, -1, -1, -1, 31.9375, -1.4375, False
26410, -1, -1, -1, -1, -1, -1, -1, -1, -1, -1, -1, -1, -1, -1, 31.875, -0.875, False
26510, -1, -1, -1, -1, -1, -1, -1, -1, -1, -1, -1, -1, -1, -1, 31.75, -0.6875, False
26610, -1, -1, -1, -1, -1, -1, -1, -1, -1, -1, -1, -1, -1, -1, 31.625, 0.25, False
26710, -1, -1, -1, -1, -1, -1, -1, -1, -1, -1, -1, -1, -1, -1, 31.4375, -0.6875, False
26810, -1, -1, -1, -1, -1, -1, -1, -1, -1, -1, -1, -1, -1, -1, 31.125, -0.8125, False
26910, -1, -1, -1, -1, -1, -1, -1, -1, -1, -1, -1, -1, -1, -1, 30.9375, -0.875, False
27010, -1, -1, -1, -1, -1, -1, -1, -1, -1, -1, -1, -1, -1, -1, 30.8125, -0.625, False
27110, -1, -1, -1, -1, -1, -1, -1, -1, -1, -1, -1, -1, -1, -1, 30.6875, -0.625, False
27210, -1, -1, -1, -1, -1, -1, -1, -1, -1, -1, -1, -1, -1, -1, 30.5625, -0.5, False
27310, -1, -1, -1, -1, -1, -1, -1, -1, -1, -1, -1, -1, -1, -1, 30.4375, -0.4375, False
27410, -1, -1, -1, -1, -1, -1, -1, -1, -1, -1, -1, -1, -1, -1, 30.375, -0.4375, False
27510, -1, -1, -1, -1, -1, -1, -1, -1, -1, -1, -1, -1, -1, -1, 30.1875, -0.5625, False
27610, -1, -1, -1, -1, -1, -1, -1, -1, -1, -1, -1, -1, -1, -1, 29.9375, -0.8125, False
27710, -1, -1, -1, -1, -1, -1, -1, -1, -1, -1, -1, -1, -1, -1, 29.75, -0.8125, False
27810, -1, -1, -1, -1, -1, -1, -1, -1, -1, -1, -1, -1, -1, -1, 29.625, -0.9375, False
27910, -1, -1, -1, -1, -1, -1, -1, -1, -1, -1, -1, -1, -1, -1, 29.375, -0.0625, False
28010, -1, -1, -1, -1, -1, -1, -1, -1, -1, -1, -1, -1, -1, -1, 29.1875, -1.125, False
28110, -1, -1, -1, -1, -1, -1, -1, -1, -1, -1, -1, -1, -1, -1, 29.0625, -1.125, False

45410, -1, -1, -1, -1, -1, -1, -1, -1, -1, -1, -1, -1, -1, -1, 11.0, -0.5, False
45510, -1, -1, -1, -1, -1, -1, -1, -1, -1, -1, -1, -1, -1, -1, 10.9375, -0.625, False
45610, -1, -1, -1, -1, -1, -1, -1, -1, -1, -1, -1, -1, -1, -1, 10.875, -0.75, False
45710, -1, -1, -1, -1, -1, -1, -1, -1, -1, -1, -1, -1, -1, -1, 10.8125, -0.75, False
45810, -1, -1, -1, -1, -1, -1, -1, -1, -1, -1, -1, -1, -1, -1, 10.625, -0.9375, False
45910, -1, -1, -1, -1, -1, -1, -1, -1, -1, -1, -1, -1, -1, -1, 11.875, -1.75, False
46010, -1, -1, -1, -1, -1, -1, -1, -1, -1, -1, -1, -1, -1, -1, 11.75, -1.8125, False
46110, -1, -1, -1, -1, -1, -1, -1, -1, -1, -1, -1, -1, -1, -1, 11.4375, -1.625, False
46210, -1, -1, -1, -1, -1, -1, -1, -1, -1, -1, -1, -1, -1, -1, 11.3125, -1.625, False
46310, -1, -1, -1, -1, -1, -1, -1, -1, -1, -1, -1, -1, -1, -1, 11.1875, -1.625, False
46410, -1, -1, -1, -1, -1, -1, -1, -1, -1, -1, -1, -1, -1, -1, 11.0, -1.75, False
46510, -1, -1, -1, -1, -1, -1, -1, -1, -1, -1, -1, -1, -1, -1, 10.8125, -1.6875, False
46610, -1, -1, -1, -1, -1, -1, -1, -1, -1, -1, -1, -1, -1, -1, 10.6875, -1.6875, False
46710, -1, -1, -1, -1, -1, -1, -1, -1, -1, -1, -1, -1, -1, -1, 10.4375, -1.5, False
46810, -1, -1, -1, -1, -1, -1, -1, -1, -1, -1, -1, -1, -1, -1, 10.375, -0.5, False
46910, -1, -1, -1, -1, -1, -1, -1, -1, -1, -1, -1, -1, -1, -1, 10.3125, -1.5, False
47010, -1, -1, -1, -1, -1, -1, -1, -1, -1, -1, -1, -1, -1, -1, 10.25, -1.5625, False
47110, -1, -1, -1, -1, -1, -1, -1, -1, -1, -1, -1, -1, -1, -1, 10.0625, -1.4375, False
47210, -1, -1, -1, -1, -1, -1, -1, -1, -1, -1, -1, -1, -1, -1, 9.9375, -1.25, False
47310, -1, -1, -1, -1, -1, -1, -1, -1, -1, -1, -1, -1, -1, -1, 9.75, -1.3125, False
47410, -1, -1, -1, -1, -1, -1, -1, -1, -1, -1, -1, -1, -1, -1, 9.6875, -1.3125, False
47510, -1, -1, -1, -1, -1, -1, -1, -1, -1, -1, -1, -1, -1, -1, 9.5625, -1.3125, False
47610, -1, -1, -1, -1, -1, -1, -1, -1, -1, -1, -1, -1, -1, -1, 9.4375, -1.1875, False
47710, -1, -1, -1, -1, -1, -1, -1, -1, -1, -1, -1, -1, -1, -1, 9.375, -1.1875, False
47810, -1, -1, -1, -1, -1, -1, -1, -1, -1, -1, -1, -1, -1, -1, 9.25, -1.125, False
47910, -1, -1, -1, -1, -1, -1, -1, -1, -1, -1, -1, -1, -1, -1, 9.25, -1.125, False
48010, -1, -1, -1, -1, -1, -1, -1, -1, -1, -1, -1, -1, -1, -1, 9.125, -1.0625, False
48110, -1, -1, -1, -1, -1, -1, -1, -1, -1, -1, -1, -1, -1, -1, 9.125, -1.0625, False
48210, -1, -1, -1, -1, -1, -1, -1, -1, -1, -1, -1, -1, -1, -1, 9.0625, -1.0, False
48310, -1, -1, -1, -1, -1, -1, -1, -1, -1, -1, -1, -1, -1, -1, 9.0625, -0.9375, False
48410, -1, -1, -1, -1, -1, -1, -1, -1, -1, -1, -1, -1, -1, -1, 9.125, -1.0, False

