# Pedestrian related event data (events separated by blank lines)
# Number of pedestrian related events: 4
# milliseconds, datetime, fix_mode, lat, long, alt, speed, heading, accuracy_horiz, accuracy_vert, accuracy_speed, accuracy_heading, acc, yaw_rate, yaw_rate_dot, range, range_rate, event_marker

40200, -1, -1, -1, -1, -1, -1, -1, -1, -1, -1, -1, -1, -1, -1, 17.875, 0.8125, False
40300, -1, -1, -1, -1, -1, -1, -1, -1, -1, -1, -1, -1, -1, -1, 14.25, 1.4375, False
40400, -1, -1, -1, -1, -1, -1, -1, -1, -1, -1, -1, -1, -1, -1, 14.625, 1.875, False
40500, -1, -1, -1, -1, -1, -1, -1, -1, -1, -1, -1, -1, -1, -1, 14.0625, 5.875, False
40600, -1, -1, -1, -1, -1, -1, -1, -1, -1, -1, -1, -1, -1, -1, 14.375, 5.6875, False
40700, -1, -1, -1, -1, -1, -1, -1, -1, -1, -1, -1, -1, -1, -1, 14.75, 5.625, False
40800, -1, -1, -1, -1, -1, -1, -1, -1, -1, -1, -1, -1, -1, -1, 16.0, 5.5625, False
40900, -1, -1, -1, -1, -1, -1, -1, -1, -1, -1, -1, -1, -1, -1, 16.4375, 5.6875, False
41000, -1, -1, -1, -1, -1, -1, -1, -1, -1, -1, -1, -1, -1, -1, 16.875, 5.75, False
41100, -1, -1, -1, -1, -1, -1, -1, -1, -1, -1, -1, -1, -1, -1, 17.625, 6.0, False
41200, -1, -1, -1, -1, -1, -1, -1, -1, -1, -1, -1, -1, -1, -1, 18.5625, 6.125, False
41300, -1, -1, -1, -1, -1, -1, -1, -1, -1, -1, -1, -1, -1, -1, 19.1875, 6.375, False
41400, -1, -1, -1, -1, -1, -1, -1, -1, -1, -1, -1, -1, -1, -1, 19.75, 7.5, False
41500, -1, -1, -1, -1, -1, -1, -1, -1, -1, -1, -1, -1, -1, -1, 20.5, 6.75, False
41600, -1, -1, -1, -1, -1, -1, -1, -1, -1, -1, -1, -1, -1, -1, 21.75, 6.25, False
41700, -1, -1, -1, -1, -1, -1, -1, -1, -1, -1, -1, -1, -1, -1, 22.75, 6.4375, False
41800, -1, -1, -1, -1, -1, -1, -1, -1, -1, -1, -1, -1, -1, -1, 23.3125, 6.625, False
41900, -1, -1, -1, -1, -1, -1, -1, -1, -1, -1, -1, -1, -1, -1, 23.6875, 6.75, False
42000, -1, -1, -1, -1, -1, -1, -1, -1, -1, -1, -1, -1, -1, -1, 24.0, 6.8125, False
42100, -1, -1, -1, -1, -1, -1, -1, -1, -1, -1, -1, -1, -1, -1, 24.9375, 7.0625, False
42200, -1, -1, -1, -1, -1, -1, -1, -1, -1, -1, -1, -1, -1, -1, 25.25, 7.0625, False
42300, -1, -1, -1, -1, -1, -1, -1, -1, -1, -1, -1, -1, -1, -1, 25.375, 7.0, False
42400, -1, -1, -1, -1, -1, -1, -1, -1, -1, -1, -1, -1, -1, -1, 26.0, 6.6875, False
42500, -1, -1, -1, -1, -1, -1, -1, -1, -1, -1, -1, -1, -1, -1, 26.9375, 6.5625, False
42600, -1, -1, -1, -1, -1, -1, -1, -1, -1, -1, -1, -1, -1, -1, 27.5625, 6.5, False
42700, -1, -1, -1, -1, -1, -1, -1, -1, -1, -1, -1, -1, -1, -1, 27.8125, 6.5625, False
42800, -1, -1, -1, -1, -1, -1, -1, -1, -1, -1, -1, -1, -1, -1, 28.25, 7.6875, False
42900, -1, -1, -1, -1, -1, -1, -1, -1, -1, -1, -1, -1, -1, -1, 28.6875, 6.625, False
43000, -1, -1, -1, -1, -1, -1, -1, -1, -1, -1, -1, -1, -1, -1, 29.4375, 6.625, False
43100, -1, -1, -1, -1, -1, -1, -1, -1, -1, -1, -1, -1, -1, -1, 29.8125, 6.5, False
43200, -1, -1, -1, -1, -1, -1, -1, -1, -1, -1, -1, -1, -1, -1, 30.875, 6.875, False
43300, -1, -1, -1, -1, -1, -1, -1, -1, -1, -1, -1, -1, -1, -1, 31.375, 7.0, False
43400, -1, -1, -1, -1, -1, -1, -1, -1, -1, -1, -1, -1, -1, -1, 31.9375, 7.125, False
43500, -1, -1, -1, -1, -1, -1, -1, -1, -1, -1, -1, -1, -1, -1, 32.75, 6.9375, False
43600, -1, -1, -1, -1, -1, -1, -1, -1, -1, -1, -1, -1, -1, -1, 33.25, 6.75, False
43700, -1, -1, -1, -1, -1, -1, -1, -1, -1, -1, -1, -1, -1, -1, 33.625, 6.625, False
43800, -1, -1, -1, -1, -1, -1, -1, -1, -1, -1, -1, -1, -1, -1, 34.0625, 6.5, False
43900, -1, -1, -1, -1, -1, -1, -1, -1, -1, -1, -1, -1, -1, -1, 35.25, 6.5, False
44000, -1, -1, -1, -1, -1, -1, -1, -1, -1, -1, -1, -1, -1, -1, 35.6875, 6.4375, False
44100, -1, -1, -1, -1, -1, -1, -1, -1, -1, -1, -1, -1, -1, -1, 36.1875, 6.4375, False
44200, -1, -1, -1, -1, -1, -1, -1, -1, -1, -1, -1, -1, -1, -1, 36.625, 7.3125, False
44300, -1, -1, -1, -1, -1, -1, -1, -1, -1, -1, -1, -1, -1, -1, 37.0625, 6.3125, False
44400, -1, -1, -1, -1, -1, -1, -1, -1, -1, -1, -1, -1, -1, -1, 37.875, 6.125, False
44500, -1, -1, -1, -1, -1, -1, -1, -1, -1, -1, -1, -1, -1, -1, 38.3125, 6.125, False
44600, -1, -1, -1, -1, -1, -1, -1, -1, -1, -1, -1, -1, -1, -1, 38.9375, 6.3125, False
44700, -1, -1, -1, -1, -1, -1, -1, -1, -1, -1, -1, -1, -1, -1, 39.6875, 6.0625, False
44800, -1, -1, -1, -1, -1, -1, -1, -1, -1, -1, -1, -1, -1, -1, 40.0, 5.9375, False
44900, -1, -1, -1, -1, -1, -1, -1, -1, -1, -1, -1, -1, -1, -1, 40.6875, 5.75, False
45000, -1, -1, -1, -1, -1, -1, -1, -1, -1, -1, -1, -1, -1, -1, 41.0, 5.625, False
45100, -1, -1, -1, -1, -1, -1, -1, -1, -1, -1, -1, -1, -1, -1, 41.3125, 5.5, False
45200, -1, -1, -1, -1, -1, -1, -1, -1, -1, -1, -1, -1, -1, -1, 41.6875, 5.4375, False
45300, -1, -1, -1, -1, -1, -1, -1, -1, -1, -1, -1, -1, -1, -1, 42.0625, 5.375, False
45400, -1, -1, -1, -1, -1, -1, -1, -1, -1, -1, -1, -1, -1, -1, 42.625, 5.25, False

46300, -1, -1, -1, -1, -1, -1, -1, -1, -1, -1, -1, -1, -1, -1, 18.1875, 0.5625, False
46400, -1, -1, -1, -1, -1, -1, -1, -1, -1, -1, -1, -1, -1, -1, 12.875, 1.0, False
46500, -1, -1, -1, -1, -1, -1, -1, -1, -1, -1, -1, -1, -1, -1, 13.6875, 1.4375, False
46600, -1, -1, -1, -1, -1, -1, -1, -1, -1, -1, -1, -1, -1, -1, 12.375, 4.4375, False
46700, -1, -1, -1, -1, -1, -1, -1, -1, -1, -1, -1, -1, -1, -1, 12.625, 4.5, False
46800, -1, -1, -1, -1, -1, -1, -1, -1, -1, -1, -1, -1, -1, -1, 13.25, 4.5625, False
46900, -1, -1, -1, -1, -1, -1, -1, -1, -1, -1, -1, -1, -1, -1, 14.0, 4.5, False
47000, -1, -1, -1, -1, -1, -1, -1, -1, -1, -1, -1, -1, -1, -1, 14.3125, 4.5, False
47100, -1, -1, -1, -1, -1, -1, -1, -1, -1, -1, -1, -1, -1, -1, 14.6875, 5.5625, False
47200, -1, -1, -1, -1, -1, -1, -1, -1, -1, -1, -1, -1, -1, -1, 15.0625, 4.5, False
47300, -1, -1, -1, -1, -1, -1, -1, -1, -1, -1, -1, -1, -1, -1, 15.75, 4.5, False
47400, -1, -1, -1, -1, -1, -1, -1, -1, -1, -1, -1, -1, -1, -1, 16.0625, 4.4375, False
47500, -1, -1, -1, -1, -1, -1, -1, -1, -1, -1, -1, -1, -1, -1, 16.4375, 4.5, False
47600, -1, -1, -1, -1, -1, -1, -1, -1, -1, -1, -1, -1, -1, -1, 16.8125, 4.5, False
47700, -1, -1, -1, -1, -1, -1, -1, -1, -1, -1, -1, -1, -1, -1, 17.5625, 4.625, False
47800, -1, -1, -1, -1, -1, -1, -1, -1, -1, -1, -1, -1, -1, -1, 18.375, 4.75, False
47900, -1, -1, -1, -1, -1, -1, -1, -1, -1, -1, -1, -1, -1, -1, 18.75, 4.75, False
48000, -1, -1, -1, -1, -1, -1, -1, -1, -1, -1, -1, -1, -1, -1, 19.125, 4.75, False
48100, -1, -1, -1, -1, -1, -1, -1, -1, -1, -1, -1, -1, -1, -1, 19.6875, 4.625, False
48200, -1, -1, -1, -1, -1, -1, -1, -1, -1, -1, -1, -1, -1, -1, 20.125, 4.5625, False
48300, -1, -1, -1, -1, -1, -1, -1, -1, -1, -1, -1, -1, -1, -1, 20.4375, 4.5625, False
48400, -1, -1, -1, -1, -1, -1, -1, -1, -1, -1, -1, -1, -1, -1, 20.8125, 4.625, False
48500, -1, -1, -1, -1, -1, -1, -1, -1, -1, -1, -1, -1, -1, -1, 21.375, 4.625, False
48600, -1, -1, -1, -1, -1, -1, -1, -1, -1, -1, -1, -1, -1, -1, 21.75, 5.5625, False
48700, -1, -1, -1, -1, -1, -1, -1, -1, -1, -1, -1, -1, -1, -1, 22.5625, 4.8125, False
48800, -1, -1, -1, -1, -1, -1, -1, -1, -1, -1, -1, -1, -1, -1, 22.9375, 4.875, False
48900, -1, -1, -1, -1, -1, -1, -1, -1, -1, -1, -1, -1, -1, -1, 23.625, 4.9375, False
49000, -1, -1, -1, -1, -1, -1, -1, -1, -1, -1, -1, -1, -1, -1, 24.0, 4.8125, False
49100, -1, -1, -1, -1, -1, -1, -1, -1, -1, -1, -1, -1, -1, -1, 24.375, 4.875, False
49200, -1, -1, -1, -1, -1, -1, -1, -1, -1, -1, -1, -1, -1, -1, 24.75, 4.9375, False
49300, -1, -1, -1, -1, -1, -1, -1, -1, -1, -1, -1, -1, -1, -1, 25.1875, 5.0625, False
49400, -1, -1, -1, -1, -1, -1, -1, -1, -1, -1, -1, -1, -1, -1, 25.875, 5.0625, False
49500, -1, -1, -1, -1, -1, -1, -1, -1, -1, -1, -1, -1, -1, -1, 26.625, 5.0625, False
49600, -1, -1, -1, -1, -1, -1, -1, -1, -1, -1, -1, -1, -1, -1, 27.0, 5.125, False
49700, -1, -1, -1, -1, -1, -1, -1, -1, -1, -1, -1, -1, -1, -1, 27.4375, 5.125, False
49800, -1, -1, -1, -1, -1, -1, -1, -1, -1, -1, -1, -1, -1, -1, 28.0, 5.1875, False
49900, -1, -1, -1, -1, -1, -1, -1, -1, -1, -1, -1, -1, -1, -1, 28.375, 5.125, False
50000, -1, -1, -1, -1, -1, -1, -1, -1, -1, -1, -1, -1, -1, -1, 28.75, 6.125, False
50100, -1, -1, -1, -1, -1, -1, -1, -1, -1, -1, -1, -1, -1, -1, 29.1875, 5.0625, False

201000, -1, -1, -1, -1, -1, -1, -1, -1, -1, -1, -1, -1, -1, -1, 38.375, 0.0, False
201100, -1, -1, -1, -1, -1, -1, -1, -1, -1, -1, -1, -1, -1, -1, 38.25, 0.0625, False
201200, -1, -1, -1, -1, -1, -1, -1, -1, -1, -1, -1, -1, -1, -1, 38.1875, 0.125, False
201300, -1, -1, -1, -1, -1, -1, -1, -1, -1, -1, -1, -1, -1, -1, 38.125, 0.0, False
201400, -1, -1, -1, -1, -1, -1, -1, -1, -1, -1, -1, -1, -1, -1, 38.5, 0.0, False
201500, -1, -1, -1, -1, -1, -1, -1, -1, -1, -1, -1, -1, -1, -1, 38.5, 0.0, False
201600, -1, -1, -1, -1, -1, -1, -1, -1, -1, -1, -1, -1, -1, -1, 38.5, -0.25, False
201700, -1, -1, -1, -1, -1, -1, -1, -1, -1, -1, -1, -1, -1, -1, 38.4375, -0.125, False
201800, -1, -1, -1, -1, -1, -1, -1, -1, -1, -1, -1, -1, -1, -1, 38.625, -0.0625, False
201900, -1, -1, -1, -1, -1, -1, -1, -1, -1, -1, -1, -1, -1, -1, 49.5625, -0.0625, False
202000, -1, -1, -1, -1, -1, -1, -1, -1, -1, -1, -1, -1, -1, -1, 48.6875, 0.0625, False
202100, -1, -1, -1, -1, -1, -1, -1, -1, -1, -1, -1, -1, -1, -1, 48.5, 0.125, False
202200, -1, -1, -1, -1, -1, -1, -1, -1, -1, -1, -1, -1, -1, -1, 48.1875, 0.1875, False
202300, -1, -1, -1, -1, -1, -1, -1, -1, -1, -1, -1, -1, -1, -1, 47.75, 0.3125, False
202400, -1, -1, -1, -1, -1, -1, -1, -1, -1, -1, -1, -1, -1, -1, 47.75, 0.3125, False
202500, -1, -1, -1, -1, -1, -1, -1, -1, -1, -1, -1, -1, -1, -1, 47.9375, 0.375, False
202600, -1, -1, -1, -1, -1, -1, -1, -1, -1, -1, -1, -1, -1, -1, 47.875, 0.375, False
202700, -1, -1, -1, -1, -1, -1, -1, -1, -1, -1, -1, -1, -1, -1, 47.6875, 0.375, False
202800, -1, -1, -1, -1, -1, -1, -1, -1, -1, -1, -1, -1, -1, -1, 47.625, 0.375, False
202900, -1, -1, -1, -1, -1, -1, -1, -1, -1, -1, -1, -1, -1, -1, 47.5, 0.375, False
203000, -1, -1, -1, -1, -1, -1, -1, -1, -1, -1, -1, -1, -1, -1, 47.625, 0.375, False
203100, -1, -1, -1, -1, -1, -1, -1, -1, -1, -1, -1, -1, -1, -1, 47.5625, 1.375, False
203200, -1, -1, -1, -1, -1, -1, -1, -1, -1, -1, -1, -1, -1, -1, 47.3125, 0.375, False
203300, -1, -1, -1, -1, -1, -1, -1, -1, -1, -1, -1, -1, -1, -1, 47.0625, 0.3125, False
203400, -1, -1, -1, -1, -1, -1, -1, -1, -1, -1, -1, -1, -1, -1, 46.9375, 0.3125, False
203500, -1, -1, -1, -1, -1, -1, -1, -1, -1, -1, -1, -1, -1, -1, 46.8125, 0.3125, False
203600, -1, -1, -1, -1, -1, -1, -1, -1, -1, -1, -1, -1, -1, -1, 47.0625, 0.25, False
203700, -1, -1, -1, -1, -1, -1, -1, -1, -1, -1, -1, -1, -1, -1, 47.0, 0.25, False
203800, -1, -1, -1, -1, -1, -1, -1, -1, -1, -1, -1, -1, -1, -1, 46.8125, 0.25, False
203900, -1, -1, -1, -1, -1, -1, -1, -1, -1, -1, -1, -1, -1, -1, 46.6875, 0.25, False
204000, -1, -1, -1, -1, -1, -1, -1, -1, -1, -1, -1, -1, -1, -1, 46.625, 0.25, False
204100, -1, -1, -1, -1, -1, -1, -1, -1, -1, -1, -1, -1, -1, -1, 46.875, 0.25, False
204200, -1, -1, -1, -1, -1, -1, -1, -1, -1, -1, -1, -1, -1, -1, 46.75, 0.25, False
204300, -1, -1, -1, -1, -1, -1, -1, -1, -1, -1, -1, -1, -1, -1, 46.5625, 0.25, False
204400, -1, -1, -1, -1, -1, -1, -1, -1, -1, -1, -1, -1, -1, -1, 46.375, 0.25, False
204500, -1, -1, -1, -1, -1, -1, -1, -1, -1, -1, -1, -1, -1, -1, 46.25, 1.25, False
204600, -1, -1, -1, -1, -1, -1, -1, -1, -1, -1, -1, -1, -1, -1, 46.25, 0.25, False
204700, -1, -1, -1, -1, -1, -1, -1, -1, -1, -1, -1, -1, -1, -1, 46.125, 0.25, False
204800, -1, -1, -1, -1, -1, -1, -1, -1, -1, -1, -1, -1, -1, -1, 46.0625, 0.25, False
204900, -1, -1, -1, -1, -1, -1, -1, -1, -1, -1, -1, -1, -1, -1, 46.0, 0.25, False
205000, -1, -1, -1, -1, -1, -1, -1, -1, -1, -1, -1, -1, -1, -1, 46.125, 0.3125, False
205100, -1, -1, -1, -1, -1, -1, -1, -1, -1, -1, -1, -1, -1, -1, 46.5625, 0.3125, False
205200, -1, -1, -1, -1, -1, -1, -1, -1, -1, -1, -1, -1, -1, -1, 46.5, 0.3125, False
205300, -1, -1, -1, -1, -1, -1, -1, -1, -1, -1, -1, -1, -1, -1, 46.4375, 0.3125, False
205400, -1, -1, -1, -1, -1, -1, -1, -1, -1, -1, -1, -1, -1, -1, 46.375, 0.3125, False
205500, -1, -1, -1, -1, -1, -1, -1, -1, -1, -1, -1, -1, -1, -1, 46.3125, 0.3125, False
205600, -1, -1, -1, -1, -1, -1, -1, -1, -1, -1, -1, -1, -1, -1, 46.375, 0.3125, False
205700, -1, -1, -1, -1, -1, -1, -1, -1, -1, -1, -1, -1, -1, -1, 46.4375, 0.3125, False
205800, -1, -1, -1, -1, -1, -1, -1, -1, -1, -1, -1, -1, -1, -1, 46.6875, 0.3125, False
205900, -1, -1, -1, -1, -1, -1, -1, -1, -1, -1, -1, -1, -1, -1, 46.625, 1.3125, False
206000, -1, -1, -1, -1, -1, -1, -1, -1, -1, -1, -1, -1, -1, -1, 46.5625, 0.25, False
206100, -1, -1, -1, -1, -1, -1, -1, -1, -1, -1, -1, -1, -1, -1, 46.375, 0.25, False
206200, -1, -1, -1, -1, -1, -1, -1, -1, -1, -1, -1, -1, -1, -1, 46.25, 0.25, False
206300, -1, -1, -1, -1, -1, -1, -1, -1, -1, -1, -1, -1, -1, -1, 46.25, 0.25, False
206400, -1, -1, -1, -1, -1, -1, -1, -1, -1, -1, -1, -1, -1, -1, 46.25, 0.25, False
206500, -1, -1, -1, -1, -1, -1, -1, -1, -1, -1, -1, -1, -1, -1, 46.3125, 0.1875, False
206600, -1, -1, -1, -1, -1, -1, -1, -1, -1, -1, -1, -1, -1, -1, 46.3125, 0.1875, False
206700, -1, -1, -1, -1, -1, -1, -1, -1, -1, -1, -1, -1, -1, -1, 46.5, 0.25, False
206800, -1, -1, -1, -1, -1, -1, -1, -1, -1, -1, -1, -1, -1, -1, 46.4375, 0.25, False
206900, -1, -1, -1, -1, -1, -1, -1, -1, -1, -1, -1, -1, -1, -1, 46.5625, 0.25, False
207000, -1, -1, -1, -1, -1, -1, -1, -1, -1, -1, -1, -1, -1, -1, 46.5, 0.25, False
207100, -1, -1, -1, -1, -1, -1, -1, -1, -1, -1, -1, -1, -1, -1, 47.5, -0.3125, False
207200, -1, -1, -1, -1, -1, -1, -1, -1, -1, -1, -1, -1, -1, -1, 47.125, 0.6875, False
207300, -1, -1, -1, -1, -1, -1, -1, -1, -1, -1, -1, -1, -1, -1, 46.9375, -0.25, False
207400, -1, -1, -1, -1, -1, -1, -1, -1, -1, -1, -1, -1, -1, -1, 46.8125, -0.3125, False
207500, -1, -1, -1, -1, -1, -1, -1, -1, -1, -1, -1, -1, -1, -1, 46.6875, -0.3125, False
207600, -1, -1, -1, -1, -1, -1, -1, -1, -1, -1, -1, -1, -1, -1, 46.5, -0.3125, False
207700, -1, -1, -1, -1, -1, -1, -1, -1, -1, -1, -1, -1, -1, -1, 46.4375, -0.3125, False
207800, -1, -1, -1, -1, -1, -1, -1, -1, -1, -1, -1, -1, -1, -1, 46.375, -0.375, False
207900, -1, -1, -1, -1, -1, -1, -1, -1, -1, -1, -1, -1, -1, -1, 46.25, -0.375, False
208000, -1, -1, -1, -1, -1, -1, -1, -1, -1, -1, -1, -1, -1, -1, 46.25, -0.4375, False
208100, -1, -1, -1, -1, -1, -1, -1, -1, -1, -1, -1, -1, -1, -1, 46.1875, -0.5625, False
208200, -1, -1, -1, -1, -1, -1, -1, -1, -1, -1, -1, -1, -1, -1, 46.0, -0.625, False
208300, -1, -1, -1, -1, -1, -1, -1, -1, -1, -1, -1, -1, -1, -1, 45.8125, -0.625, False
208400, -1, -1, -1, -1, -1, -1, -1, -1, -1, -1, -1, -1, -1, -1, 45.625, -0.6875, False
208500, -1, -1, -1, -1, -1, -1, -1, -1, -1, -1, -1, -1, -1, -1, 45.4375, -0.75, False
208600, -1, -1, -1, -1, -1, -1, -1, -1, -1, -1, -1, -1, -1, -1, 45.25, 0.0, False
208700, -1, -1, -1, -1, -1, -1, -1, -1, -1, -1, -1, -1, -1, -1, 45.125, -1.0, False
208800, -1, -1, -1, -1, -1, -1, -1, -1, -1, -1, -1, -1, -1, -1, 45.0625, -0.9375, False
208900, -1, -1, -1, -1, -1, -1, -1, -1, -1, -1, -1, -1, -1, -1, 45.0, -0.9375, False
209000, -1, -1, -1, -1, -1, -1, -1, -1, -1, -1, -1, -1, -1, -1, 45.125, -0.75, False
209100, -1, -1, -1, -1, -1, -1, -1, -1, -1, -1, -1, -1, -1, -1, 45.125, -0.6875, False
209200, -1, -1, -1, -1, -1, -1, -1, -1, -1, -1, -1, -1, -1, -1, 45.125, -0.6875, False
209300, -1, -1, -1, -1, -1, -1, -1, -1, -1, -1, -1, -1, -1, -1, 44.9375, -0.6875, False
209400, -1, -1, -1, -1, -1, -1, -1, -1, -1, -1, -1, -1, -1, -1, 44.875, -0.8125, False
209500, -1, -1, -1, -1, -1, -1, -1, -1, -1, -1, -1, -1, -1, -1, 44.6875, -0.875, False
209600, -1, -1, -1, -1, -1, -1, -1, -1, -1, -1, -1, -1, -1, -1, 44.4375, -1.0, False
209700, -1, -1, -1, -1, -1, -1, -1, -1, -1, -1, -1, -1, -1, -1, 44.1875, -1.0625, False
209800, -1, -1, -1, -1, -1, -1, -1, -1, -1, -1, -1, -1, -1, -1, 44.0, -1.25, False
209900, -1, -1, -1, -1, -1, -1, -1, -1, -1, -1, -1, -1, -1, -1, 43.75, -1.4375, False
210000, -1, -1, -1, -1, -1, -1, -1, -1, -1, -1, -1, -1, -1, -1, 43.4375, -1.5, False
210100, -1, -1, -1, -1, -1, -1, -1, -1, -1, -1, -1, -1, -1, -1, 43.3125, -1.625, False
210200, -1, -1, -1, -1, -1, -1, -1, -1, -1, -1, -1, -1, -1, -1, 43.0625, -0.6875, False
210300, -1, -1, -1, -1, -1, -1, -1, -1, -1, -1, -1, -1, -1, -1, 43.0, -1.6875, False
210400, -1, -1, -1, -1, -1, -1, -1, -1, -1, -1, -1, -1, -1, -1, 43.125, -1.5625, False
210500, -1, -1, -1, -1, -1, -1, -1, -1, -1, -1, -1, -1, -1, -1, 43.125, -1.5, False
210600, -1, -1, -1, -1, -1, -1, -1, -1, -1, -1, -1, -1, -1, -1, 39.25, 0.8125, False
210700, -1, -1, -1, -1, -1, -1, -1, -1, -1, -1, -1, -1, -1, -1, 39.25, 0.875, False
210800, -1, -1, -1, -1, -1, -1, -1, -1, -1, -1, -1, -1, -1, -1, 39.25, 0.625, False

467500, -1, -1, -1, -1, -1, -1, -1, -1, -1, -1, -1, -1, -1, -1, 15.375, 1.9375, False
467600, -1, -1, -1, -1, -1, -1, -1, -1, -1, -1, -1, -1, -1, -1, 15.0625, 0.375, False
467700, -1, -1, -1, -1, -1, -1, -1, -1, -1, -1, -1, -1, -1, -1, 15.0625, 0.5, False
467800, -1, -1, -1, -1, -1, -1, -1, -1, -1, -1, -1, -1, -1, -1, 14.9375, 1.25, False
467900, -1, -1, -1, -1, -1, -1, -1, -1, -1, -1, -1, -1, -1, -1, 14.8125, 1.0625, False
468000, -1, -1, -1, -1, -1, -1, -1, -1, -1, -1, -1, -1, -1, -1, 14.9375, 1.125, False
468100, -1, -1, -1, -1, -1, -1, -1, -1, -1, -1, -1, -1, -1, -1, 15.1875, 1.4375, False
468200, -1, -1, -1, -1, -1, -1, -1, -1, -1, -1, -1, -1, -1, -1, 15.375, 1.375, False
468300, -1, -1, -1, -1, -1, -1, -1, -1, -1, -1, -1, -1, -1, -1, 15.5, 1.4375, False
468400, -1, -1, -1, -1, -1, -1, -1, -1, -1, -1, -1, -1, -1, -1, 15.75, 1.5, False
468500, -1, -1, -1, -1, -1, -1, -1, -1, -1, -1, -1, -1, -1, -1, 15.8125, 1.5625, False
468600, -1, -1, -1, -1, -1, -1, -1, -1, -1, -1, -1, -1, -1, -1, 15.875, 1.875, False
468700, -1, -1, -1, -1, -1, -1, -1, -1, -1, -1, -1, -1, -1, -1, 16.0625, 1.875, False
468800, -1, -1, -1, -1, -1, -1, -1, -1, -1, -1, -1, -1, -1, -1, 16.0625, 1.8125, False
468900, -1, -1, -1, -1, -1, -1, -1, -1, -1, -1, -1, -1, -1, -1, 16.0625, 1.5625, False
469000, -1, -1, -1, -1, -1, -1, -1, -1, -1, -1, -1, -1, -1, -1, 16.125, 1.125, False
469100, -1, -1, -1, -1, -1, -1, -1, -1, -1, -1, -1, -1, -1, -1, 16.125, 0.8125, False
469200, -1, -1, -1, -1, -1, -1, -1, -1, -1, -1, -1, -1, -1, -1, 16.25, 1.8125, False
469300, -1, -1, -1, -1, -1, -1, -1, -1, -1, -1, -1, -1, -1, -1, 16.1875, 0.5625, False
469400, -1, -1, -1, -1, -1, -1, -1, -1, -1, -1, -1, -1, -1, -1, 16.125, 0.25, False
469500, -1, -1, -1, -1, -1, -1, -1, -1, -1, -1, -1, -1, -1, -1, 16.1875, 0.25, False
469600, -1, -1, -1, -1, -1, -1, -1, -1, -1, -1, -1, -1, -1, -1, 16.1875, 0.0625, False
469700, -1, -1, -1, -1, -1, -1, -1, -1, -1, -1, -1, -1, -1, -1, 16.25, -0.125, False
469800, -1, -1, -1, -1, -1, -1, -1, -1, -1, -1, -1, -1, -1, -1, 16.3125, -0.25, False
469900, -1, -1, -1, -1, -1, -1, -1, -1, -1, -1, -1, -1, -1, -1, 16.4375, -0.5, False
470000, -1, -1, -1, -1, -1, -1, -1, -1, -1, -1, -1, -1, -1, -1, 16.4375, -0.6875, False
470100, -1, -1, -1, -1, -1, -1, -1, -1, -1, -1, -1, -1, -1, -1, 16.375, -0.9375, False
470200, -1, -1, -1, -1, -1, -1, -1, -1, -1, -1, -1, -1, -1, -1, 16.4375, -1.0, False
470300, -1, -1, -1, -1, -1, -1, -1, -1, -1, -1, -1, -1, -1, -1, 16.6875, -0.5625, False
470400, -1, -1, -1, -1, -1, -1, -1, -1, -1, -1, -1, -1, -1, -1, 16.625, -0.3125, False
470500, -1, -1, -1, -1, -1, -1, -1, -1, -1, -1, -1, -1, -1, -1, 16.5625, -0.1875, False
470600, -1, -1, -1, -1, -1, -1, -1, -1, -1, -1, -1, -1, -1, -1, 16.5625, 0.75, False
470700, -1, -1, -1, -1, -1, -1, -1, -1, -1, -1, -1, -1, -1, -1, 16.5625, -0.125, False
470800, -1, -1, -1, -1, -1, -1, -1, -1, -1, -1, -1, -1, -1, -1, 16.625, 0.0, False
470900, -1, -1, -1, -1, -1, -1, -1, -1, -1, -1, -1, -1, -1, -1, 16.6875, 0.0, False
471000, -1, -1, -1, -1, -1, -1, -1, -1, -1, -1, -1, -1, -1, -1, 16.75, 0.0625, False
471100, -1, -1, -1, -1, -1, -1, -1, -1, -1, -1, -1, -1, -1, -1, 16.875, 0.125, False
471200, -1, -1, -1, -1, -1, -1, -1, -1, -1, -1, -1, -1, -1, -1, 17.0, 0.1875, False
471300, -1, -1, -1, -1, -1, -1, -1, -1, -1, -1, -1, -1, -1, -1, 17.0625, 0.1875, False
471400, -1, -1, -1, -1, -1, -1, -1, -1, -1, -1, -1, -1, -1, -1, 17.25, 0.125, False
471500, -1, -1, -1, -1, -1, -1, -1, -1, -1, -1, -1, -1, -1, -1, 17.375, 0.125, False
471600, -1, -1, -1, -1, -1, -1, -1, -1, -1, -1, -1, -1, -1, -1, 17.375, 0.0625, False
471700, -1, -1, -1, -1, -1, -1, -1, -1, -1, -1, -1, -1, -1, -1, 17.4375, 0.125, False
471800, -1, -1, -1, -1, -1, -1, -1, -1, -1, -1, -1, -1, -1, -1, 17.4375, 0.125, False
471900, -1, -1, -1, -1, -1, -1, -1, -1, -1, -1, -1, -1, -1, -1, 17.5, 0.125, False
472000, -1, -1, -1, -1, -1, -1, -1, -1, -1, -1, -1, -1, -1, -1, 17.5625, 1.0625, False
472100, -1, -1, -1, -1, -1, -1, -1, -1, -1, -1, -1, -1, -1, -1, 17.5, 0.0, False
472200, -1, -1, -1, -1, -1, -1, -1, -1, -1, -1, -1, -1, -1, -1, 17.4375, 0.0, False
472300, -1, -1, -1, -1, -1, -1, -1, -1, -1, -1, -1, -1, -1, -1, 17.4375, 0.0625, False
472400, -1, -1, -1, -1, -1, -1, -1, -1, -1, -1, -1, -1, -1, -1, 17.5, 0.0625, False
472500, -1, -1, -1, -1, -1, -1, -1, -1, -1, -1, -1, -1, -1, -1, 17.5625, 0.0625, False
472600, -1, -1, -1, -1, -1, -1, -1, -1, -1, -1, -1, -1, -1, -1, 17.5625, 0.125, False
472700, -1, -1, -1, -1, -1, -1, -1, -1, -1, -1, -1, -1, -1, -1, 17.5625, 0.125, False
472800, -1, -1, -1, -1, -1, -1, -1, -1, -1, -1, -1, -1, -1, -1, 17.5625, 0.125, False
472900, -1, -1, -1, -1, -1, -1, -1, -1, -1, -1, -1, -1, -1, -1, 17.625, 0.125, False
473000, -1, -1, -1, -1, -1, -1, -1, -1, -1, -1, -1, -1, -1, -1, 17.6875, 0.125, False
473100, -1, -1, -1, -1, -1, -1, -1, -1, -1, -1, -1, -1, -1, -1, 17.6875, 0.0625, False
473200, -1, -1, -1, -1, -1, -1, -1, -1, -1, -1, -1, -1, -1, -1, 17.6875, 0.0625, False
473300, -1, -1, -1, -1, -1, -1, -1, -1, -1, -1, -1, -1, -1, -1, 17.6875, 0.0625, False
473400, -1, -1, -1, -1, -1, -1, -1, -1, -1, -1, -1, -1, -1, -1, 17.6875, 0.875, False
473500, -1, -1, -1, -1, -1, -1, -1, -1, -1, -1, -1, -1, -1, -1, 17.625, -0.0625, False
473600, -1, -1, -1, -1, -1, -1, -1, -1, -1, -1, -1, -1, -1, -1, 17.625, 0.0, False
473700, -1, -1, -1, -1, -1, -1, -1, -1, -1, -1, -1, -1, -1, -1, 17.5625, 0.0, False
473800, -1, -1, -1, -1, -1, -1, -1, -1, -1, -1, -1, -1, -1, -1, 17.625, 0.0, False
473900, -1, -1, -1, -1, -1, -1, -1, -1, -1, -1, -1, -1, -1, -1, 17.625, 0.0625, False
474000, -1, -1, -1, -1, -1, -1, -1, -1, -1, -1, -1, -1, -1, -1, 17.6875, 0.125, False
474100, -1, -1, -1, -1, -1, -1, -1, -1, -1, -1, -1, -1, -1, -1, 17.6875, 0.125, False
474200, -1, -1, -1, -1, -1, -1, -1, -1, -1, -1, -1, -1, -1, -1, 17.75, 0.125, False
474300, -1, -1, -1, -1, -1, -1, -1, -1, -1, -1, -1, -1, -1, -1, 17.75, 0.125, False
474400, -1, -1, -1, -1, -1, -1, -1, -1, -1, -1, -1, -1, -1, -1, 17.75, 0.1875, False
474500, -1, -1, -1, -1, -1, -1, -1, -1, -1, -1, -1, -1, -1, -1, 17.75, 0.125, False
474600, -1, -1, -1, -1, -1, -1, -1, -1, -1, -1, -1, -1, -1, -1, 17.75, 0.0625, False
474700, -1, -1, -1, -1, -1, -1, -1, -1, -1, -1, -1, -1, -1, -1, 17.75, 0.0625, False
474800, -1, -1, -1, -1, -1, -1, -1, -1, -1, -1, -1, -1, -1, -1, 17.75, 0.875, False
474900, -1, -1, -1, -1, -1, -1, -1, -1, -1, -1, -1, -1, -1, -1, 17.75, 0.0, False
475000, -1, -1, -1, -1, -1, -1, -1, -1, -1, -1, -1, -1, -1, -1, 17.75, 0.0, False
475100, -1, -1, -1, -1, -1, -1, -1, -1, -1, -1, -1, -1, -1, -1, 17.75, 0.0, False
475200, -1, -1, -1, -1, -1, -1, -1, -1, -1, -1, -1, -1, -1, -1, 17.75, 0.0, False
475300, -1, -1, -1, -1, -1, -1, -1, -1, -1, -1, -1, -1, -1, -1, 17.75, 0.0, False
475400, -1, -1, -1, -1, -1, -1, -1, -1, -1, -1, -1, -1, -1, -1, 17.75, 0.0, False
475500, -1, -1, -1, -1, -1, -1, -1, -1, -1, -1, -1, -1, -1, -1, 17.8125, 0.0625, False
475600, -1, -1, -1, -1, -1, -1, -1, -1, -1, -1, -1, -1, -1, -1, 17.8125, 0.0625, False
475700, -1, -1, -1, -1, -1, -1, -1, -1, -1, -1, -1, -1, -1, -1, 17.875, 0.125, False
475800, -1, -1, -1, -1, -1, -1, -1, -1, -1, -1, -1, -1, -1, -1, 17.875, 0.0625, False
475900, -1, -1, -1, -1, -1, -1, -1, -1, -1, -1, -1, -1, -1, -1, 17.875, 0.0, False
476000, -1, -1, -1, -1, -1, -1, -1, -1, -1, -1, -1, -1, -1, -1, 17.875, 0.0625, False
476100, -1, -1, -1, -1, -1, -1, -1, -1, -1, -1, -1, -1, -1, -1, 17.875, 0.0625, False
476200, -1, -1, -1, -1, -1, -1, -1, -1, -1, -1, -1, -1, -1, -1, 17.875, 0.875, False
476300, -1, -1, -1, -1, -1, -1, -1, -1, -1, -1, -1, -1, -1, -1, 17.875, -0.125, False
476400, -1, -1, -1, -1, -1, -1, -1, -1, -1, -1, -1, -1, -1, -1, 17.8125, -0.0625, False
476500, -1, -1, -1, -1, -1, -1, -1, -1, -1, -1, -1, -1, -1, -1, 17.8125, 0.0, False
476600, -1, -1, -1, -1, -1, -1, -1, -1, -1, -1, -1, -1, -1, -1, 17.875, 0.0625, False
476700, -1, -1, -1, -1, -1, -1, -1, -1, -1, -1, -1, -1, -1, -1, 17.875, 0.0, False
476800, -1, -1, -1, -1, -1, -1, -1, -1, -1, -1, -1, -1, -1, -1, 17.875, 0.0, False
476900, -1, -1, -1, -1, -1, -1, -1, -1, -1, -1, -1, -1, -1, -1, 17.875, 0.0625, False
477000, -1, -1, -1, -1, -1, -1, -1, -1, -1, -1, -1, -1, -1, -1, 17.875, 0.1875, False
477100, -1, -1, -1, -1, -1, -1, -1, -1, -1, -1, -1, -1, -1, -1, 17.875, 0.125, False
477200, -1, -1, -1, -1, -1, -1, -1, -1, -1, -1, -1, -1, -1, -1, 17.9375, 0.125, False
477300, -1, -1, -1, -1, -1, -1, -1, -1, -1, -1, -1, -1, -1, -1, 17.9375, 0.125, False

